Rs = 1.2;
Ls = 0.0057;
Lamda_f = 0.03;
pole = 4;
J = 0.00016;

