Rs = 1.2;
Ld = 0.0057;
Lq = 0.0125;
Lamda_f = 0.03;
pole = 4;
J = 0.00016;
B = 0;
